R RHF UHF MP2 FCI
0.500000 -1.048801 -1.048801 -1.072762 -1.079370
0.550000 -1.084309 -1.084309 -1.108820 -1.115740
0.600000 -1.106892 -1.106892 -1.131926 -1.139173
0.650000 -1.120244 -1.120244 -1.145774 -1.153371
0.700000 -1.126925 -1.126925 -1.152929 -1.160905
0.750000 -1.128743 -1.128743 -1.155205 -1.163594
0.800000 -1.127001 -1.127001 -1.153908 -1.162751
0.850000 -1.122648 -1.122648 -1.149996 -1.159340
0.900000 -1.116391 -1.116391 -1.144180 -1.154082
0.950000 -1.108759 -1.108759 -1.136999 -1.147520
1.000000 -1.100154 -1.100154 -1.128860 -1.140073
1.100000 -1.081171 -1.081171 -1.110888 -1.123735
1.200000 -1.061112 -1.061112 -1.091988 -1.106855
1.300000 -1.040939 -1.043314 -1.073166 -1.090494
1.400000 -1.021197 -1.030526 -1.055004 -1.075271
1.500000 -1.002193 -1.021378 -1.037836 -1.061535
1.600000 -0.984097 -1.014843 -1.021855 -1.049464
1.700000 -0.966999 -1.010178 -1.007169 -1.039113
1.800000 -0.950939 -1.006849 -0.993827 -1.030439
1.900000 -0.935918 -1.004476 -0.981836 -1.023322
2.000000 -0.921909 -1.002784 -0.971172 -1.017594
2.100000 -0.908869 -1.001579 -0.961791 -1.013059
2.200000 -0.896746 -1.000721 -0.953637 -1.009520
2.300000 -0.885486 -1.000110 -0.946652 -1.006791
2.400000 -0.875031 -0.999674 -0.940777 -1.004707
2.500000 -0.865330 -0.999362 -0.935953 -1.003129
2.600000 -0.856332 -0.999139 -0.932124 -1.001943
2.700000 -0.847988 -0.998979 -0.929234 -1.001057
2.800000 -0.840253 -0.998864 -0.927230 -1.000398
2.900000 -0.833086 -0.998781 -0.926056 -0.999910
3.000000 -0.826448 -0.998721 -0.925661 -0.999551
3.100000 -0.820301 -0.998678 -0.925991 -0.999286
3.200000 -0.814613 -0.998647 -0.926993 -0.999093
3.300000 -0.809351 -0.998625 -0.928616 -0.998951
3.400000 -0.804487 -0.998609 -0.930808 -0.998847
3.500000 -0.799993 -0.998597 -0.933519 -0.998771
3.600000 -0.795842 -0.998588 -0.936700 -0.998715
3.700000 -0.792010 -0.998582 -0.940302 -0.998675
3.800000 -0.788474 -0.998577 -0.944280 -0.998645
3.900000 -0.785210 -0.998573 -0.948590 -0.998623
4.000000 -0.782198 -0.998570 -0.953192 -0.998606
4.100000 -0.779418 -0.998567 -0.958048 -0.998594
4.200000 -0.776849 -0.998565 -0.963125 -0.998585
4.300000 -0.774476 -0.998564 -0.968390 -0.998578
4.400000 -0.772280 -0.998562 -0.973816 -0.998573
4.500000 -0.770246 -0.998561 -0.979379 -0.998569
4.600000 -0.768360 -0.998560 -0.985057 -0.998566
4.700000 -0.766609 -0.998560 -0.990832 -0.998564
4.800000 -0.764980 -0.998559 -0.996688 -0.998562
4.900000 -0.763462 -0.998558 -1.002611 -0.998561
5.000000 -0.762044 -0.998558 -1.008591 -0.998560
